# number of turbine/pump units
param bar_n := 100;

# number of time periods
param bar_t := 48;

# parameters
param : 	p_min_bound	p_max_bound	U_t	D_t	T_U	T_D	c	c_u	p0	v0	R_U	R_D	S_U	S_D :=
1	30.1132	108.028	3	0	2	2	25267.2	25487.4558120272	43.7507	1	23.8195	34.6852	30.1132	40.050556
2	72.0087	237.506	0	1	9	9	73628.6	74607.2664575304	0	0	55.9737	65.0731	72.0087	95.771571
3	42.4445	107.208	0	2	2	2	24100.5	24317.9736007483	0	0	21.7115	23.0195	42.4445	56.451185
4	92.7272	282.298	0	3	9	9	65946.2	66844.4613445013	0	0	79.5888	66.4565	92.7272	123.327176
5	44.8256	127.604	0	3	2	2	33355.2	33616.9022954051	0	0	36.0644	27.1527	44.8256	59.618048
6	53.7049	197.765	1	0	3	3	51482.6	51839.9327125991	104.545	1	62.1428	44.0176	53.7049	71.427517
7	51.4169	152.559	0	2	3	3	37301.3	37661.5717646918	0	0	32.1352	32.1705	51.4169	68.384477
8	69.0868	162.735	0	1	3	3	41340.9	41728.9636447536	0	0	36.6035	32.4953	69.0868	91.885444
9	53.607	168.377	4	0	3	3	40562.7	40934.0096898381	91.2049	1	45.1658	48.036	53.607	71.29731
10	39.5425	108.444	0	2	2	2	25983.6	26234.3938722839	0	0	24.4143	23.1623	39.5425	52.591525
11	55.5195	170.404	0	1	3	3	51508.2	51888.5365888477	0	0	47.9784	43.8742	55.5195	73.840935
12	53.9357	186.57	1	0	3	3	47910.1	48291.3274347193	117.137	1	54.3466	46.9863	53.9357	71.734481
13	85.7587	316.27	0	3	9	9	85663	86545.6431337769	0	0	90.2627	98.7254	85.7587	114.059071
14	57.1083	175.662	2	0	3	3	40551.3	40889.8717640532	145.128	1	45.3893	39.9256	57.1083	75.954039
15	98.7131	315.869	9	0	9	9	86378.8	87277.0811307308	162.649	1	68.4971	75.6438	98.7131	131.288423
16	75.2816	209.028	0	4	9	9	58226.5	59220.2538599768	0	0	51.1317	42.9513	75.2816	100.124528
17	43.819	126.93	3	0	2	2	27698.8	27939.0589269886	97.3388	1	28.5492	34.9498	43.819	58.27927
18	65.7033	152.408	2	0	3	3	39297.2	39643.104454418	137.052	1	35.9251	32.8394	65.7033	87.385389
19	36.328	101.577	0	4	2	2	26880	27143.124668167	0	0	21.2685	25.067	36.328	48.31624
20	57.3895	156.782	4	0	3	3	45841.6	46218.3418506286	128.486	1	42.6702	30.9734	57.3895	76.328035
21	41.3423	100.915	0	3	2	2	25726.6	25985.2320484471	0	0	24.5552	24.4652	41.3423	54.985259
22	67.4999	198.356	0	3	3	3	49809.3	50191.9890007029	0	0	41.5046	56.2566	67.4999	89.774867
23	53.2829	160.588	4	0	3	3	36700	37032.4377107878	87.6574	1	46.0072	43.7846	53.2829	70.866257
24	44.5875	127.378	0	3	2	2	34017.8	34297.499563754	0	0	27.0647	30.8217	44.5875	59.301375
25	99.4942	239.352	9	0	9	9	59070.1	59945.1216603971	120.347	1	52.6678	53.3195	99.4942	132.327286
26	67.8701	175.563	0	2	3	3	40041.4	40378.6253909125	0	0	43.9871	37.068	67.8701	90.267233
27	97.1575	262.863	9	0	9	9	58370.6	59255.0225805021	176.732	1	51.8886	61.0122	97.1575	129.219475
28	58.9259	158.175	0	4	3	3	37397.2	37745.3840371638	0	0	39.5464	40.1675	58.9259	78.371447
29	32.1677	124.688	0	1	2	2	34645.9	34903.1728843916	0	0	32.0569	30.653	32.1677	42.783041
30	73.209	207.018	0	9	9	9	59586	60552.9499991733	0	0	59.0746	48.4274	73.209	97.36797
31	33.625	102.935	0	2	2	2	27921.6	28191.1578218805	0	0	26.3136	25.9072	33.625	44.72125
32	43.9426	104.306	0	3	2	2	23420.8	23666.3542939463	0	0	23.1226	25.5434	43.9426	58.443658
33	33.1185	122.666	1	0	2	2	28726.7	28983.0535790128	63.3343	1	30.8319	31.108	33.1185	44.047605
34	51.9582	155.494	3	0	3	3	37477.7	37853.892184891	113.252	1	36.4349	38.3356	51.9582	69.104406
35	97.3114	245.747	0	3	9	9	64739.6	65615.221322382	0	0	64.0595	49.1644	97.3114	129.424162
36	66.204	156.753	0	2	3	3	36566.3	36922.3648814733	0	0	34.5799	35.6539	66.204	88.05132
37	37.9466	116.249	2	0	2	2	28372.1	28621.8780484184	89.7676	1	34.6016	31.2483	37.9466	50.468978
38	67.8489	162.946	3	0	3	3	41263	41611.7309977829	129.741	1	35.5344	40.0021	67.8489	90.239037
39	74.5465	239.858	3	0	9	9	62691.9	63638.0699926335	115.625	1	59.034	66.2188	74.5465	99.146845
40	32.5471	101.1	0	2	2	2	22976.1	23235.460042799	0	0	23.5091	29.7308	32.5471	43.287643
41	56.1656	166.263	2	0	3	3	39631.3	39990.0668760696	81.5333	1	36.5316	33.1814	56.1656	74.700248
42	34.2663	122.531	0	2	2	2	25892.8	26112.8753198189	0	0	28.9411	30.4468	34.2663	45.574179
43	82.4259	200.415	0	1	9	9	57928.6	58879.8602882472	0	0	43.6063	50.3042	82.4259	109.626447
44	36.7584	117.333	0	2	2	2	32359.1	32632.8948822547	0	0	36.2316	33.5244	36.7584	48.888672
45	36.159	115.177	2	0	2	2	28413	28679.490046371	76.2964	1	24.3107	34.8588	36.159	48.09147
46	43.3897	118.449	0	4	2	2	33482.5	33757.7717188714	0	0	24.6181	29.0714	43.3897	57.708301
47	39.5671	121.879	2	0	2	2	36457.7	36725.5440812797	90.891	1	30.0387	33.833	39.5671	52.624243
48	46.2854	125.075	1	0	2	2	29332.4	29592.0448292801	105.149	1	28.4011	32.2442	46.2854	61.559582
49	83.9503	200.201	2	0	9	9	46165.3	47055.3104714447	115.318	1	35.8547	47.9389	83.9503	111.653899
50	77.6935	280.065	0	1	9	9	81492	82462.0930928665	0	0	66.6835	89.0418	77.6935	103.332355
51	77.7952	270.943	0	4	9	9	72819.2	73761.0179517854	0	0	77.4278	68.1735	77.7952	103.467616
52	89.9261	226.177	4	0	9	9	47834.6	48648.7634025727	157.196	1	47.9444	53.8144	89.9261	119.601713
53	57.4254	163.3	3	0	3	3	39169.6	39528.1277341707	102.113	1	32.0693	39.7246	57.4254	76.375782
54	33.1508	116.875	0	2	2	2	33247.5	33522.0406464116	0	0	32.6569	30.3657	33.1508	44.090564
55	31.5611	128.123	4	0	2	2	34105.2	34385.9830345787	75.0019	1	34.2116	42.2169	31.5611	41.976263
56	49.9758	106.505	0	2	2	2	24780.7	25023.5251828394	0	0	19.4285	18.5653	49.9758	66.467814
57	42.1401	117.324	2	0	2	2	31451.8	31709.4237047431	54.1761	1	25.104	24.1244	42.1401	56.046333
58	68.1559	189.727	0	3	3	3	53754.7	54119.3868405429	0	0	53.1954	51.1797	68.1559	90.647347
59	61.5659	190.718	3	0	3	3	53146.1	53534.2798353626	111.416	1	49.4145	50.7595	61.5659	81.882647
60	70.2455	269.07	0	9	9	9	60600.3	61462.9585392115	0	0	71.2347	61.9153	70.2455	93.426515
61	41.9397	110.144	4	0	2	2	22703.3	22942.323113602	76.9964	1	28.7661	23.8238	41.9397	55.779801
62	82.972	257.546	0	9	9	9	69413.7	70372.8799655646	0	0	66.6034	71.5627	82.972	110.35276
63	43.8231	116.789	0	3	2	2	30955.7	31228.2636467585	0	0	31.6195	23.9358	43.8231	58.284723
64	75.1256	216.041	4	0	9	9	50586.1	51397.1032265539	149.01	1	47.944	44.7467	75.1256	99.917048
65	42.0972	118.969	0	1	2	2	34869.1	35148.8059070967	0	0	23.999	25.102	42.0972	55.989276
66	45.14	117.937	0	4	2	2	31774.6	32052.6943580202	0	0	27.1685	30.0699	45.14	60.0362
67	65.3414	191.282	2	0	3	3	44358.8	44711.3226952938	82.5096	1	47.7949	53.5366	65.3414	86.904062
68	44.8993	115.187	3	0	2	2	28468	28719.4291353818	65.2675	1	25.1652	26.878	44.8993	59.716069
69	64.3693	175.862	4	0	3	3	44405.7	44773.0849415062	112.746	1	39.0556	49.9582	64.3693	85.611169
70	86.4143	300.776	0	2	9	9	80334.4	81335.2004733473	0	0	95.41	86.7298	86.4143	114.931019
71	61.9558	160.13	4	0	3	3	45167.4	45541.8372500944	95.6911	1	42.7339	33.2592	61.9558	82.401214
72	68.2516	155.614	4	0	3	3	38358.7	38707.3029186843	113.504	1	37.8291	27.885	68.2516	90.774628
73	95.9378	308.586	0	4	9	9	80141.9	80999.1855084487	0	0	76.4789	89.4355	95.9378	127.597274
74	35.0286	106.55	0	3	2	2	25211.9	25450.5535319175	0	0	31.4817	31.6307	35.0286	46.588038
75	37.6133	118.897	0	3	2	2	31510.5	31742.3921679622	0	0	29.555	28.3236	37.6133	50.025689
76	46.5487	121.718	1	0	2	2	35557.8	35819.1922298169	102.958	1	22.8263	25.2093	46.5487	61.909771
77	59.875	194.341	4	0	3	3	54161.8	54541.9308948103	82.1302	1	53.4843	51.7943	59.875	79.63375
78	44.374	111.363	0	1	2	2	30387.7	30656.5544414901	0	0	29.8298	25.5295	44.374	59.01742
79	59.7076	198.018	0	4	3	3	53162.4	53508.3790559306	0	0	57.1534	46.4068	59.7076	79.411108
80	41.3495	114.262	0	2	2	2	27799.8	28051.8779202345	0	0	29.066	31.0183	41.3495	54.994835
81	63.4888	199.446	3	0	3	3	47915	48287.7494003522	167.948	1	49.2261	43.7586	63.4888	84.440104
82	37.7315	124.752	1	0	2	2	31686	31948.9647290684	73.7566	1	33.8066	38.4262	37.7315	50.182895
83	55.9885	179.082	0	3	3	3	40033.4	40378.0502423954	0	0	55.0167	54.9639	55.9885	74.464705
84	49.4889	128.227	3	0	2	2	32157.2	32402.9540284905	88.3584	1	29.4459	27.3415	49.4889	65.820237
85	61.2412	178.118	4	0	3	3	42049.2	42388.9042201871	128.311	1	51.9645	43.1351	61.2412	81.450796
86	45.1747	124.239	0	2	2	2	36741.1	37008.4160759251	0	0	23.8651	33.9892	45.1747	60.082351
87	55.7121	179.453	3	0	3	3	39073.4	39419.7991236139	83.4973	1	50.4666	53.8096	55.7121	74.097093
88	71.3641	240.138	0	4	9	9	56202.3	56997.4285492485	0	0	75.7929	53.584	71.3641	94.914253
89	45.9243	105.185	2	0	2	2	26041.8	26321.4507598992	81.9366	1	24.0265	26.0306	45.9243	61.079319
90	60.9274	165.073	4	0	3	3	33987.9	34311.7359281258	78.0163	1	32.2587	33.226	60.9274	81.033442
91	70.1691	295.305	4	0	9	9	78843.5	79799.7677582167	172.09	1	76.0293	70.56	70.1691	93.324903
92	67.3682	194.647	0	3	3	3	43874.1	44238.559484357	0	0	45.1077	55.4243	67.3682	89.599706
93	58.9198	182.643	3	0	3	3	47060.7	47416.5380157521	101.327	1	49.3154	43.2653	58.9198	78.363334
94	66.2011	181.329	0	1	3	3	39227.1	39572.83438216	0	0	42.201	41.6559	66.2011	88.047463
95	69.3254	176.02	3	0	3	3	48661.7	49036.0550994326	106.714	1	41.1011	33.6303	69.3254	92.202782
96	74.9401	241.248	0	3	9	9	66960.6	67956.5091739596	0	0	56.0861	74.3882	74.9401	99.670333
97	68.5626	160.136	0	3	3	3	36989.7	37327.2941042584	0	0	30.8654	38.9856	68.5626	91.188258
98	43.4335	118.667	0	2	2	2	30341.5	30611.485391627	0	0	33.0174	25.1285	43.4335	57.766555
99	42.8779	123.566	2	0	2	2	28786.3	29029.9561619588	60.4733	1	34.0708	29.277	42.8779	57.027607
100	60.4891	167.022	1	0	3	3	45384.4	45774.8653822785	78.4297	1	40.6163	44.4093	60.4891	80.450503
;


# demand and spinning reserves
param :	 	D	R :=
1	3451.77	0.0827937
2	1888.343	0.0885047
3	1134.882	0.0942329
4	1502.391	0.0737582
5	1930.609	0.0877327
6	2868.94	0.0849856
7	3997.1	0.0859084
8	4769.98	0.08449815
9	5830.67	0.1011213
10	5885.04	0.06192365
11	6179.16	0.07910385
12	6530.85	0.0912503
13	6430.87	0.09603825
14	3582.9	0.075652
15	4598.84	0.07843675
16	5757.99	0.09625875
17	6525.48	0.0716192
18	6349.92	0.0853666
19	5453.43	0.06624855
20	6393.32	0.06425605
21	5668.65	0.09316755
22	3653.85	0.0985034
23	2289.51	0.0791782
24	1359.725	0.07712525
25	4769.98	0.08449815
26	5830.67	0.1011213
27	5885.04	0.06192365
28	6179.16	0.07910385
29	6530.85	0.0912503
30	6430.87	0.09603825
31	3582.9	0.075652
32	5668.65	0.09316755
33	3653.85	0.0985034
34	2289.51	0.0791782
35	1359.725	0.07712525
36	3997.1	0.0859084
37	4769.98	0.08449815
38	5830.67	0.1011213
39	5885.04	0.06192365
40	6179.16	0.07910385
41	5453.43	0.06624855
42	6393.32	0.06425605
43	5668.65	0.09316755
44	3653.85	0.0985034
45	2289.51	0.0791782
46	1359.725	0.07712525
47	4769.98	0.08449815
48	5830.67	0.1011213
;